10329 
10331 
10436 
10438 
10442 
10914 
10916 
10918 
11175 
11185 
11193 
12302 
12304 
12305 
12306 
12307 
12308 
12309 
12310 
12311 
12312 
12313 
12314 
12315 
12316 
12317 
12318 
12321 
12322 
16409 
16410 
16411 
11201 
11361 
11363 
11365 
11376 
11379 
11615 
11386 
11387 
11549 
11563 
11763 
11764 
11765 
11766 
11767 
11768 
11769 
11770 
11771 
11772 
11775 
11776 
11777 
11778 
11779 
11780 
11781 
12027 
12164 
12248 
12935 
12936 
11599 
11600 
11607 
11613 
11625 
11782 
11783 
19100 
19101 
19103 
19105 
19107 
19108 
19111 
11798 
11801 
11803 
11807 
11813 
11819 
11821 
11823 
11825 
13508 
13521 
13522 
13526 
13536 
13561 
13562 
13580 
13581 
13582 
13585 
13586 
13587 
13545 
14099 
14100 
14102 
14103 
14104 
14105 
14106 
14107 
14108 
14109 
14111 
14112 
14113 
14114 
14115 
14125 
14126 
14127 
13160 
13164 
13189 
13823 
13840 
136165 
136175 
14025 
14026 
14027 
14028 
14029 
14030 
14164 
14270 
14877 
14890 
14891 
14892 
14893 
15125 
15126 
15127 
15128 
15130 
15131 
15132 
15133 
15134 
15136 
15138 
15140 
15142 
15144 
15145 
15147 
15148 
15149 
15402 
15437 
15438 
15439 
15562 
15566 
15570 
15575 
15600 
15603 
15606 
15610 
15616 
15620 
15621 
15622 
15623 
15624 
15630 
15631 
15632 
15633 
15634 
15635 
15636 
15637 
15638 
15700 
15701 
15712 
15786 
15788 
15790 
15792 
15794 
15795 
15818 
15822 
15824 
15841 
16929 
16973 
16975 
16986 
16996 
16997 
16998 
17171 
17195 
17196 
17255 
17260 
17546 
17597 
17598 
17828 
18115 
18506 
18508 
20588 
20590 
20592 
21125 
21645 
21646 
21652 
21654 
21656 
22560 
22570 
22572 
22574 
22576 
225307 
22759 
23100 
23103 
23106 
23107 
23120 
23122 
23141 
23147 
23162 
23163 
23164 
23801 
23803 
24107 
24431 
24452 
31014 
31031 
31052 
31058 
31079 
31081 
31083 
31101 
31102 
31103 
31104 
31105 
31121 
31122 
31123 
31124 
31313 
31321 
31322 
32511 
32512 
32513 
32514 
32520 
32521 
32522 
32523 
32524 
32530 
32531 
32532 
32533 
32540 
32541 
32542 
32543 
32544 
317005 
32475 
33630 
33636 
34518 
34520 
35006 
35008 
35023 
35035 
40421 
40425 
40515 
40524 
40527 
40533 
40670 
40672 
40674 
40676 
40678 
40680 
40682 
40684 
40686 
40688 
40689 
40693 
40698 
40001 
42003 
41144 
47630 
47640 
94029 
42131 
42133 
42135 
42137 
42139 
42149 
42151 
42153 
42155 
42157 
42163 
46000 
46001 
46002 
46003 
46004 
46005 
46006 
46007 
46008 
46009 
46010 
46011 
46014 
46016 
46017 
46018 
46020 
46021 
46022 
46024 
46025 
46026 
48163 
48164 
48165 
48166 
48167 
48168 
48169 
48170 
48171 
48172 
48173 
48174 
48177 
48178 
48179 
48180 
48181 
48182 
48183 
48190 
48191 
48192 
48193 
48194 
48195 
48196 
45609 
45610 
45612 
45613 
45614 
45621 
45622 
45632 
45633 
45634 
45635 
45636 
45637 
45638 
45639 
45640 
47620 
47621 
47633 
47613 
47623 
48160 
48162 
50750 
50752 
50754 
50756 
51101 
50903 
50904 
51057 
510095 
5134055 
52021 
53121 
56704 
56705 
55297 
55300 
55301 
55302 
55303 
55304 
55322 
552905 
54370 
54372 
54383 
54390 
54391 
55218 
55413 
55416 
55417 
55418 
55419 
55420 
55421 
55422 
55424 
57302 
57304 
57382 
57440 
57441 
57442 
57445 
57446 
57448 
57449 
57451 
57454 
58054 
58055 
58057 
58061 
58066 
58081 
58091 
58098 
23039 
23605 
60421 
60500 
60536 
60586 
60589 
605207 
60588 
63535 
63577 
61441 
61500 
61501 
61502 
61531 
61536 
61563 
61574 
61584 
61586 
61595 
61596 
61597 
61598 
615317 
615367 
615875 
615885 
617525 
63033 
63036 
63221 
61470 
63812 
64446 
64444 
64447 
64460 
64468 
64497 
63901 
63902 
63903 
63904 
64402 
64428 
64429 
64432 
644295 
64013 
64014 
65276 
67422 
67423 
67424 
67440 
67483 
67539 
67540 
67541 
67542 
67303 
67305 
67310 
67312 
67314 
67316 
67318 
67320 
67330 
67332 
67334 
67336 
67338 
67340 
67342 
67344 
674965 
674975 
67590 
67591 
67592 
67705 
67706 
67707 
67708 
67743 
67747 
67767 
67768 
67769 
67721 
67774 
67771 
68902 
68903 
68907 
68908 
68927 
68928 
68929 
68930 
68931 
689157 
689183 
689233 
69125 
64442 
69597 
69601 
69512 
69526 
69527 
69529 
69538 
69539 
69549 
69579 
69500 
69507 
64433 
64434 
96205 
96207 
96209 
96605 
96606 
96608 
96611 
96612 
98201 
70100 
70101 
70107 
70109 
70111 
70113 
70118 
70119 
70125 
70127 
70132 
70134 
70137 
70138 
70139 
70172 
70173 
70174 
70175 
70176 
70177 
70179 
70180 
70181 
70182 
70183 
70185 
70187 
70188 
70201 
70205 
70207 
70209 
70211 
70520 
70659 
70678 
70679 
70687 
70688 
70692 
70693 
70694 
70695 
70696 
70697 
70731 
70732 
70733 
70734 
70736 
70737 
70738 
70739 
70740 
70741 
70743 
70744 
70745 
70746 
70747 
70748 
70755 
70756 
70757 
70758 
70941 
70973 
70975 
70977 
70979 
70981 
70983 
70626 
70638 
70642 
70648 
71008 
71013 
71028 
71034 
71035 
71036 
71061 
71062 
71063 
71082 
71083 
70302 
70321 
70323 
70327 
71556 
71558 
71564 
72151 
72169 
72430 
72433 
72440 
72448 
72470 
72478 
72480 
72486 
72491 
72493 
72495 
72497 
72498 
72499 
72980 
72985 
72988 
73052 
73056 
73059 
73085 
73086 
73088 
73089 
73091 
73095 
73097 
730027 
730037 
730067 
730087 
730287 
730297 
730327 
730347 
730367 
730387 
730417 
730497 
73122 
73124 
73128 
73136 
73140 
73142 
73146 
73150 
731007 
731017 
731027 
731037 
731047 
731307 
731317 
731327 
731337 
731357 
731607 
731617 
731627 
731637 
731657 
73215 
73216 
73221 
73223 
73224 
73226 
73227 
73229 
73233 
73234 
73241 
73245 
73277 
73638 
73640 
73641 
73652 
73653 
73658 
73659 
73661 
73662 
73680 
73682 
73703 
73704 
73705 
73717 
73723 
73725 
73726 
73732 
73734 
73735 
73743 
73744 
73901 
73902 
73903 
73904 
73907 
73908 
73909 
73910 
73919 
73920 
73921 
73922 
740677 
740697 
740717 
74609 
74610 
74611 
74613 
74614 
74615 
74617 
74618 
74621 
74622 
74623 
74625 
74631 
74633 
74635 
74639 
74640 
74641 
74643 
74644 
74645 
74650 
74651 
74652 
74658 
74659 
74660 
74661 
74662 
74676 
74677 
74678 
74681 
74682 
74683 
74686 
74687 
74688 
76225 
76228 
77360 
773357 
773625 
773705 
77768 
78412 
78416 
78418 
78925 
78926 
78927 
78932 
78933 
78934 
78937 
78938 
78986 
78987 
79544 
79020 
79028 
79030 
79040 
79042 
79044 
79046 
79048 
79050 
79312 
80629 
80635 
84404 
84405 
84406 
84407 
80740 
80743 
80745 
80746 
80751 
80752 
80754 
80755 
80757 
80760 
80761 
80772 
80773 
80778 
80779 
81217 
81414 
81436 
81439 
82042 
82044 
82045 
82047 
82048 
82051 
82053 
83350 
83351 
83352 
83353 
83354 
83356 
83357 
83358 
83359 
83361 
83362 
83363 
83365 
83366 
83371 
83372 
83373 
83375 
83376 
83377 
83378 
83381 
83382 
83383 
83385 
83386 
83387 
83388 
83391 
83392 
83393 
83394 
83395 
83396 
83397 
83398 
824457 
824459 
824460 
83216 
83218 
83222 
83224 
83226 
83228 
83315 
83320 
83325 
83330 
83335 
83340 
84006 
84007 
84825 
84826 
84827 
84841 
84842 
84843 
84844 
84845 
84846 
84881 
84882 
84883 
84894 
84895 
84896 
84898 
84899 
85560 
85561 
85562 
85563 
85564 
85565 
85566 
85567 
85568 
85569 
85570 
85571 
85551 
85552 
85553 
85554 
85555 
85556 
85557 
85572 
85573 
85574 
85575 
85576 
85577 
85578 
86012 
86013 
86014 
86015 
86016 
86017 
86018 
86213 
86214 
86215 
86216 
87227 
87188 
87687 
87688 
87689 
88019 
88021 
88023 
88024 
88025 
88026 
88027 
880227 
88810 
88811 
88813 
88814 
88815 
88760 
88761 
88762 
88787 
88788 
88789 
88790 
88791 
88794 
88828 
93836 
93841 
93843 
93845 
93849 
93855 
93858 
93865 
93868 
93871 
93921 
93922 
93935 
93937 
93938 
93939 
93940 
93941 
93942 
93943 
93944 
93946 
93947 
93948 
99904 
89001 
89006 
89007 
89009 
89012 
89013 
89015 
89016 
89131 
89133 
89137 
89164 
89165 
89166 
89167 
89213 
89248 
89251 
89252 
89254 
89256 
89259 
892215 
89530 
89531 
89532 
89533 
89612 
89614 
89615 
89617 
89618 
89620 
89623 
89624 
89625 
90251 
90315 
90333 
90505 
90506 
90524 
90537 
90538 
90545 
90553 
90558 
90559 
90567 
90570 
90572 
90580 
90581 
90582 
90704 
90705 
90706 
90707 
90708 
90709 
90710 
92301 
92302 
92303 
92306 
92307 
92308 
92311 
92314 
92316 
92317 
92319 
92320 
92321 
92322 
92323 
92324 
92326 
92327 
92329 
92331 
92332 
92333 
92334 
92350 
92351 
92352 
92357 
92358 
92360 
92361 
92701 
92703 
92704 
92707 
92709 
92712 
92713 
92714 
92715 
92716 
92717 
92718 
92720 
92726 
92728 
92729 
92730 
92731 
92732 
92952 
92953 
92956 
92957 
92959 
92961 
92963 
92964 
92967 
92975 
92983 
92985 
92986 
92987 
92900 
92901 
92903 
92908 
92910 
92914 
92915 
92916 
92918 
92919 
93101 
93301 
93302 
93304 
93307 
93308 
93309 
93318 
93319 
93320 
93321 
93322 
93323 
93330 
93331 
93332 
93334 
93501 
93503 
93505 
93506 
93507 
93508 
93520 
93521 
93522 
93523 
93524 
93525 
93526 
93527 
95003 
95007 
95010 
95011 
95012 
95016 
95019 
95020 
913003 
913004 
913006 
913033 
913034 
913036 
913043 
913044 
913046 
913342 
913344 
913346 
91444 
91451 
91452 
91800 
91802 
91803 
91804 
91806 
91808 
91811 
91812 
91813 
91814 
91816 
91817 
91818 
930085 
930105 
930710 
930720 
930721 
930722 
930723 
930730 
930731 
930732 
930733 
930741 
930742 
930743 
930744 
93205 
93210 
93220 
93222 
95722 
95723 
95728 
95729 
95770 
95771 
95772 
95773 
94201 
94315 
94330 
94337 
94338 
94339 
95220 
95222 
95224 
95226 
95601 
95437 
95441 
95442 
95447 
95448 
95449 
95450 
95451 
95452 
95453 
95454 
95455 
95456 
95459 
95440003 
95440004 
95440006 
95446003 
95448004 
95448006 
95454004 
95454006 
95458003 
95458004 
95458006 
96412 
96414 
96417 
96423 
96427 
96455 
96460 
96465 
96470 
96475 
96505 
96510 
97824 
97843 
97849 
97850 
97881 
97882 
97883 
97884 
97888 
97893 
97907 
97908 
97909 
97911 
97914 
97923 
97924 
97926 
97932 
97933 
97934 
97935 
97401 
97405 
97406 
97407 
97418 
97419 
